UCD9081 Configuration Information
=================================
Created on: 28/09/2017 16:07:47

-PARAMS-
00
00
00
00
00
00
00
00
00
00
00
00
00
00
00
00
00
00
00
00
00
00
00
00
00
00
00
00
00
00
00
00
00
00
00
00
00
00
00
00
00
00
00
00
00
00
00
00
00
00
00
00
00
00
00
00
00
00
00
00
00
00
00
00
00
00
00
00
00
00
00
00
FF
FF
00
00
00
00
00
00
00
00
00
00
00
00
00
00
FF
00
00
00
00
00
C0
02
00
00
00
0F
00
02
00
02
00
00
00
58
00
00
00
00
00
00
00
20
00
00
00
00
00
00
00
00
00
A8
00
10
10
11
12
13
14
15
16
17
00
09
0A
0B
00
01
02
03
04
05
06
07
00
00
00
00
05
00
0A
00
0E
00
14
00
19
00
1E
00
23
00
00
00
00
00
00
00
00
00
00
00
FF
7F
FF
7F
FF
7F
FF
7F
FF
7F
FF
7F
FF
7F
FF
7F
00
00
00
00
00
00
00
00
00
00
00
00
00
00
00
00
00
00
00
00
00
00
00
00
00
00
00
00
00
00
00
00
00
00
00
00
00
00
00
00
00
00
00
00
00
00
00
00
00
00
00
00
00
00
00
00
00
00
00
00
00
00
00
00
00
00
00
00
00
00
00
00
00
00
00
00
00
00
00
00
00
00
00
00
00
00
00
00
00
00
00
00
00
00
00
00
00
04
00
04
00
04
00
04
00
04
00
04
00
04
00
04
A0
0F
A0
0F
A0
0F
A0
0F
A0
0F
A0
0F
A0
0F
A0
0F
10
00
10
00
10
00
10
00
10
00
10
00
10
00
10
00
00
C0
00
C0
00
C0
00
C0
00
C0
00
C0
00
C0
00
C0
00
00
00
C0
00
C0
00
C0
04
20
08
20
04
18
02
18
08
18
10
18
20
18
10
20
00
20
20
20
40
20
80
20
00
00
00
04
D4
02
F2
08
10
01
05
C0
55
00
FF
08
05
FF
00
00
00
00
00
00
00
00
00
00
00
00
00
00
00
00
00
00
00
00
00
00
00
00
00
00
00
00
00
00
00
00
00
00
00
00
00
00
00
00
00
00
00
00
00
00
00
00
00
00
00
00
00
00
00
00
00
00
00
00
00
00
00
00
00
00
00
00
00
00
00
00
00
00
00
00
00
00
00
00
00
00
00
00
00
00
00
00
00
00
00
00
00
00
00
00
00
00
00
00
00
00
00
00
00
00
00
00
6E
34
-USER DATA-
20
20
20
20
20
20
20
20
20
20
20
20
20
20
20
20
20
20
20
20
20
20
20
20
20
20
20
20
20
20
20
20
20
20
20
20
20
20
20
20
20
20
20
20
20
20
20
20
20
20
20
20
20
20
20
20
20
20
20
20
20
20
20
20
20
20
20
20
20
20
20
20
20
20
20
20
20
20
20
20
20
20
20
20
20
20
20
20
20
20
20
20
20
20
20
20
20
20
20
20
20
20
20
20
20
20
20
20
20
20
20
20
20
20
20
20
20
20
20
20
20
20
20
20
20
20
20
20
-PULLUP-
0
0
0
0
2
2
2
2
-PULLDOWN-
0
0
0
0
2
2
2
2
-REFERENCE VOLTAGE-
3.3
